1.000000000000000000e+00 1.360000000000000000e+03
1.000999999999999890e+00 1.357000000000000000e+03
1.001999999999999780e+00 1.355000000000000000e+03
1.002999999999999670e+00 1.352000000000000000e+03
1.003999999999999559e+00 1.350000000000000000e+03
1.004999999999999449e+00 1.347000000000000000e+03
1.005999999999999339e+00 1.345000000000000000e+03
1.006999999999999229e+00 1.343000000000000000e+03
1.007999999999999119e+00 1.340000000000000000e+03
1.008999999999999009e+00 1.338000000000000000e+03
1.009999999999998899e+00 1.335000000000000000e+03
1.010999999999998789e+00 1.333000000000000000e+03
1.011999999999998678e+00 1.330000000000000000e+03
1.012999999999998568e+00 1.328000000000000000e+03
1.013999999999998458e+00 1.325000000000000000e+03
1.014999999999998348e+00 1.323000000000000000e+03
1.015999999999998238e+00 1.321000000000000000e+03
1.016999999999998128e+00 1.318000000000000000e+03
1.017999999999998018e+00 1.316000000000000000e+03
1.018999999999997907e+00 1.313000000000000000e+03
1.019999999999997797e+00 1.311000000000000000e+03
1.020999999999997687e+00 1.309000000000000000e+03
1.021999999999997577e+00 1.306000000000000000e+03
1.022999999999997467e+00 1.304000000000000000e+03
1.023999999999997357e+00 1.301000000000000000e+03
1.024999999999997247e+00 1.299000000000000000e+03
1.025999999999997137e+00 1.297000000000000000e+03
1.026999999999997026e+00 1.294000000000000000e+03
1.027999999999996916e+00 1.292000000000000000e+03
1.028999999999996806e+00 1.289000000000000000e+03
1.029999999999996696e+00 1.287000000000000000e+03
1.030999999999996586e+00 1.285000000000000000e+03
1.031999999999996476e+00 1.282000000000000000e+03
1.032999999999996366e+00 1.280000000000000000e+03
1.033999999999996255e+00 1.278000000000000000e+03
1.034999999999996145e+00 1.275000000000000000e+03
1.035999999999996035e+00 1.273000000000000000e+03
1.036999999999995925e+00 1.271000000000000000e+03
1.037999999999995815e+00 1.268000000000000000e+03
1.038999999999995705e+00 1.266000000000000000e+03
1.039999999999995595e+00 1.264000000000000000e+03
1.040999999999995485e+00 1.261000000000000000e+03
1.041999999999995374e+00 1.259000000000000000e+03
1.042999999999995264e+00 1.257000000000000000e+03
1.043999999999995154e+00 1.255000000000000000e+03
1.044999999999995044e+00 1.252000000000000000e+03
1.045999999999994934e+00 1.250000000000000000e+03
1.046999999999994824e+00 1.248000000000000000e+03
1.047999999999994714e+00 1.245000000000000000e+03
1.048999999999994603e+00 1.243000000000000000e+03
1.049999999999994493e+00 1.241000000000000000e+03
1.050999999999994383e+00 1.239000000000000000e+03
1.051999999999994273e+00 1.236000000000000000e+03
1.052999999999994163e+00 1.234000000000000000e+03
1.053999999999994053e+00 1.232000000000000000e+03
1.054999999999993943e+00 1.230000000000000000e+03
1.055999999999993832e+00 1.227000000000000000e+03
1.056999999999993722e+00 1.225000000000000000e+03
1.057999999999993612e+00 1.223000000000000000e+03
1.058999999999993502e+00 1.221000000000000000e+03
1.059999999999993392e+00 1.218000000000000000e+03
1.060999999999993282e+00 1.216000000000000000e+03
1.061999999999993172e+00 1.214000000000000000e+03
1.062999999999993062e+00 1.212000000000000000e+03
1.063999999999992951e+00 1.209000000000000000e+03
1.064999999999992841e+00 1.207000000000000000e+03
1.065999999999992731e+00 1.205000000000000000e+03
1.066999999999992621e+00 1.203000000000000000e+03
1.067999999999992511e+00 1.201000000000000000e+03
1.068999999999992401e+00 1.198000000000000000e+03
1.069999999999992291e+00 1.196000000000000000e+03
1.070999999999992180e+00 1.194000000000000000e+03
1.071999999999992070e+00 1.192000000000000000e+03
1.072999999999991960e+00 1.190000000000000000e+03
1.073999999999991850e+00 1.188000000000000000e+03
1.074999999999991740e+00 1.185000000000000000e+03
1.075999999999991630e+00 1.183000000000000000e+03
1.076999999999991520e+00 1.181000000000000000e+03
1.077999999999991410e+00 1.179000000000000000e+03
1.078999999999991299e+00 1.177000000000000000e+03
1.079999999999991189e+00 1.175000000000000000e+03
1.080999999999991079e+00 1.172000000000000000e+03
1.081999999999990969e+00 1.170000000000000000e+03
1.082999999999990859e+00 1.168000000000000000e+03
1.083999999999990749e+00 1.166000000000000000e+03
1.084999999999990639e+00 1.164000000000000000e+03
1.085999999999990528e+00 1.162000000000000000e+03
1.086999999999990418e+00 1.160000000000000000e+03
1.087999999999990308e+00 1.158000000000000000e+03
1.088999999999990198e+00 1.155000000000000000e+03
1.089999999999990088e+00 1.153000000000000000e+03
1.090999999999989978e+00 1.151000000000000000e+03
1.091999999999989868e+00 1.149000000000000000e+03
1.092999999999989758e+00 1.147000000000000000e+03
1.093999999999989647e+00 1.145000000000000000e+03
1.094999999999989537e+00 1.143000000000000000e+03
1.095999999999989427e+00 1.141000000000000000e+03
1.096999999999989317e+00 1.139000000000000000e+03
1.097999999999989207e+00 1.137000000000000000e+03
1.098999999999989097e+00 1.134000000000000000e+03
1.099999999999988987e+00 1.132000000000000000e+03
1.100999999999988876e+00 1.130000000000000000e+03
1.101999999999988766e+00 1.128000000000000000e+03
1.102999999999988656e+00 1.126000000000000000e+03
1.103999999999988546e+00 1.339000000000000000e+03
1.104999999999988436e+00 1.337000000000000000e+03
1.105999999999988326e+00 1.334000000000000000e+03
1.106999999999988216e+00 1.332000000000000000e+03
1.107999999999988106e+00 1.329000000000000000e+03
1.108999999999987995e+00 1.327000000000000000e+03
1.109999999999987885e+00 1.324000000000000000e+03
1.110999999999987775e+00 1.322000000000000000e+03
1.111999999999987665e+00 1.320000000000000000e+03
1.112999999999987555e+00 1.317000000000000000e+03
1.113999999999987445e+00 1.315000000000000000e+03
1.114999999999987335e+00 1.312000000000000000e+03
1.115999999999987224e+00 1.310000000000000000e+03
1.116999999999987114e+00 1.307000000000000000e+03
1.117999999999987004e+00 1.305000000000000000e+03
1.118999999999986894e+00 1.302000000000000000e+03
1.119999999999986784e+00 1.300000000000000000e+03
1.120999999999986674e+00 1.298000000000000000e+03
1.121999999999986564e+00 1.295000000000000000e+03
1.122999999999986454e+00 1.293000000000000000e+03
1.123999999999986343e+00 1.290000000000000000e+03
1.124999999999986233e+00 1.288000000000000000e+03
1.125999999999986123e+00 1.285000000000000000e+03
1.126999999999986013e+00 1.283000000000000000e+03
1.127999999999985903e+00 1.281000000000000000e+03
1.128999999999985793e+00 1.278000000000000000e+03
1.129999999999985683e+00 1.276000000000000000e+03
1.130999999999985572e+00 1.273000000000000000e+03
1.131999999999985462e+00 1.271000000000000000e+03
1.132999999999985352e+00 1.269000000000000000e+03
1.133999999999985242e+00 1.266000000000000000e+03
1.134999999999985132e+00 1.264000000000000000e+03
1.135999999999985022e+00 1.262000000000000000e+03
1.136999999999984912e+00 1.259000000000000000e+03
1.137999999999984801e+00 1.257000000000000000e+03
1.138999999999984691e+00 1.255000000000000000e+03
1.139999999999984581e+00 1.252000000000000000e+03
1.140999999999984471e+00 1.250000000000000000e+03
1.141999999999984361e+00 1.247000000000000000e+03
1.142999999999984251e+00 1.245000000000000000e+03
1.143999999999984141e+00 1.243000000000000000e+03
1.144999999999984031e+00 1.240000000000000000e+03
1.145999999999983920e+00 1.238000000000000000e+03
1.146999999999983810e+00 1.236000000000000000e+03
1.147999999999983700e+00 1.234000000000000000e+03
1.148999999999983590e+00 1.231000000000000000e+03
1.149999999999983480e+00 1.229000000000000000e+03
1.150999999999983370e+00 1.227000000000000000e+03
1.151999999999983260e+00 1.224000000000000000e+03
1.152999999999983149e+00 1.222000000000000000e+03
1.153999999999983039e+00 1.220000000000000000e+03
1.154999999999982929e+00 1.217000000000000000e+03
1.155999999999982819e+00 1.215000000000000000e+03
1.156999999999982709e+00 1.213000000000000000e+03
1.157999999999982599e+00 1.211000000000000000e+03
1.158999999999982489e+00 1.208000000000000000e+03
1.159999999999982379e+00 1.206000000000000000e+03
1.160999999999982268e+00 1.204000000000000000e+03
1.161999999999982158e+00 1.201000000000000000e+03
1.162999999999982048e+00 1.199000000000000000e+03
1.163999999999981938e+00 1.197000000000000000e+03
1.164999999999981828e+00 1.195000000000000000e+03
1.165999999999981718e+00 1.192000000000000000e+03
1.166999999999981608e+00 1.190000000000000000e+03
1.167999999999981497e+00 1.188000000000000000e+03
1.168999999999981387e+00 1.186000000000000000e+03
1.169999999999981277e+00 1.183000000000000000e+03
1.170999999999981167e+00 1.181000000000000000e+03
1.171999999999981057e+00 1.179000000000000000e+03
1.172999999999980947e+00 1.177000000000000000e+03
1.173999999999980837e+00 1.175000000000000000e+03
1.174999999999980727e+00 1.172000000000000000e+03
1.175999999999980616e+00 1.170000000000000000e+03
1.176999999999980506e+00 1.168000000000000000e+03
1.177999999999980396e+00 1.166000000000000000e+03
1.178999999999980286e+00 1.164000000000000000e+03
1.179999999999980176e+00 1.161000000000000000e+03
1.180999999999980066e+00 1.159000000000000000e+03
1.181999999999979956e+00 1.157000000000000000e+03
1.182999999999979845e+00 1.155000000000000000e+03
1.183999999999979735e+00 1.153000000000000000e+03
1.184999999999979625e+00 1.150000000000000000e+03
1.185999999999979515e+00 1.148000000000000000e+03
1.186999999999979405e+00 1.146000000000000000e+03
1.187999999999979295e+00 1.144000000000000000e+03
1.188999999999979185e+00 1.142000000000000000e+03
1.189999999999979075e+00 1.140000000000000000e+03
1.190999999999978964e+00 1.137000000000000000e+03
1.191999999999978854e+00 1.135000000000000000e+03
1.192999999999978744e+00 1.133000000000000000e+03
1.193999999999978634e+00 1.131000000000000000e+03
1.194999999999978524e+00 1.129000000000000000e+03
1.195999999999978414e+00 1.127000000000000000e+03
1.196999999999978304e+00 1.125000000000000000e+03
1.197999999999978193e+00 1.122000000000000000e+03
1.198999999999978083e+00 1.120000000000000000e+03
1.199999999999977973e+00 1.118000000000000000e+03
1.200999999999977863e+00 1.116000000000000000e+03
1.201999999999977753e+00 1.114000000000000000e+03
1.202999999999977643e+00 1.112000000000000000e+03
1.203999999999977533e+00 1.110000000000000000e+03
1.204999999999977423e+00 1.108000000000000000e+03
1.205999999999977312e+00 1.105000000000000000e+03
1.206999999999977202e+00 1.103000000000000000e+03
1.207999999999977092e+00 1.101000000000000000e+03
1.208999999999976982e+00 1.099000000000000000e+03
1.209999999999976872e+00 1.097000000000000000e+03
1.210999999999976762e+00 1.095000000000000000e+03
1.211999999999976652e+00 1.093000000000000000e+03
1.212999999999976541e+00 1.091000000000000000e+03
1.213999999999976431e+00 1.089000000000000000e+03
1.214999999999976321e+00 1.087000000000000000e+03
1.215999999999976211e+00 1.085000000000000000e+03
1.216999999999976101e+00 1.083000000000000000e+03
1.217999999999975991e+00 1.080000000000000000e+03
1.218999999999975881e+00 1.078000000000000000e+03
1.219999999999975770e+00 1.076000000000000000e+03
1.220999999999975660e+00 1.074000000000000000e+03
1.221999999999975550e+00 1.072000000000000000e+03
1.222999999999975440e+00 1.070000000000000000e+03
1.223999999999975330e+00 1.068000000000000000e+03
1.224999999999975220e+00 1.066000000000000000e+03
1.225999999999975110e+00 1.064000000000000000e+03
1.226999999999975000e+00 1.062000000000000000e+03
1.227999999999974889e+00 1.060000000000000000e+03
1.228999999999974779e+00 1.058000000000000000e+03
1.229999999999974669e+00 1.056000000000000000e+03
1.230999999999974559e+00 1.054000000000000000e+03
1.231999999999974449e+00 1.052000000000000000e+03
1.232999999999974339e+00 1.050000000000000000e+03
1.233999999999974229e+00 1.048000000000000000e+03
1.234999999999974118e+00 1.046000000000000000e+03
1.235999999999974008e+00 1.044000000000000000e+03
1.236999999999973898e+00 1.042000000000000000e+03
1.237999999999973788e+00 1.040000000000000000e+03
1.238999999999973678e+00 1.038000000000000000e+03
1.239999999999973568e+00 1.036000000000000000e+03
1.240999999999973458e+00 1.034000000000000000e+03
1.241999999999973348e+00 1.032000000000000000e+03
1.242999999999973237e+00 1.030000000000000000e+03
1.243999999999973127e+00 1.028000000000000000e+03
1.244999999999973017e+00 1.026000000000000000e+03
1.245999999999972907e+00 1.024000000000000000e+03
1.246999999999972797e+00 1.022000000000000000e+03
1.247999999999972687e+00 1.020000000000000000e+03
1.248999999999972577e+00 1.018000000000000000e+03
1.249999999999972466e+00 1.016000000000000000e+03
1.250999999999972356e+00 1.014000000000000000e+03
1.251999999999972246e+00 1.012000000000000000e+03
1.252999999999972136e+00 1.010000000000000000e+03
1.253999999999972026e+00 1.008000000000000000e+03
1.254999999999971916e+00 1.006000000000000000e+03
1.255999999999971806e+00 1.004000000000000000e+03
1.256999999999971696e+00 1.002000000000000000e+03
1.257999999999971585e+00 1.000000000000000000e+03
1.258999999999971475e+00 9.980000000000000000e+02
1.259999999999971365e+00 1.298000000000000000e+03
1.260999999999971255e+00 1.296000000000000000e+03
1.261999999999971145e+00 1.293000000000000000e+03
1.262999999999971035e+00 1.290000000000000000e+03
1.263999999999970925e+00 1.288000000000000000e+03
1.264999999999970814e+00 1.285000000000000000e+03
1.265999999999970704e+00 1.283000000000000000e+03
1.266999999999970594e+00 1.280000000000000000e+03
1.267999999999970484e+00 1.278000000000000000e+03
1.268999999999970374e+00 1.275000000000000000e+03
1.269999999999970264e+00 1.272000000000000000e+03
1.270999999999970154e+00 1.270000000000000000e+03
1.271999999999970044e+00 1.267000000000000000e+03
1.272999999999969933e+00 1.265000000000000000e+03
1.273999999999969823e+00 1.262000000000000000e+03
1.274999999999969713e+00 1.260000000000000000e+03
1.275999999999969603e+00 1.257000000000000000e+03
1.276999999999969493e+00 1.255000000000000000e+03
1.277999999999969383e+00 1.252000000000000000e+03
1.278999999999969273e+00 1.250000000000000000e+03
1.279999999999969162e+00 1.247000000000000000e+03
1.280999999999969052e+00 1.245000000000000000e+03
1.281999999999968942e+00 1.242000000000000000e+03
1.282999999999968832e+00 1.240000000000000000e+03
1.283999999999968722e+00 1.237000000000000000e+03
1.284999999999968612e+00 1.235000000000000000e+03
1.285999999999968502e+00 1.232000000000000000e+03
1.286999999999968392e+00 1.230000000000000000e+03
1.287999999999968281e+00 1.227000000000000000e+03
1.288999999999968171e+00 1.225000000000000000e+03
1.289999999999968061e+00 1.222000000000000000e+03
1.290999999999967951e+00 1.220000000000000000e+03
1.291999999999967841e+00 1.217000000000000000e+03
1.292999999999967731e+00 1.215000000000000000e+03
1.293999999999967621e+00 1.212000000000000000e+03
1.294999999999967510e+00 1.210000000000000000e+03
1.295999999999967400e+00 1.207000000000000000e+03
1.296999999999967290e+00 1.205000000000000000e+03
1.297999999999967180e+00 1.202000000000000000e+03
1.298999999999967070e+00 1.200000000000000000e+03
1.299999999999966960e+00 1.198000000000000000e+03
1.300999999999966850e+00 1.195000000000000000e+03
1.301999999999966739e+00 1.193000000000000000e+03
1.302999999999966629e+00 1.190000000000000000e+03
1.303999999999966519e+00 1.188000000000000000e+03
1.304999999999966409e+00 1.185000000000000000e+03
1.305999999999966299e+00 1.183000000000000000e+03
1.306999999999966189e+00 1.181000000000000000e+03
1.307999999999966079e+00 1.178000000000000000e+03
1.308999999999965969e+00 1.176000000000000000e+03
1.309999999999965858e+00 1.173000000000000000e+03
1.310999999999965748e+00 1.171000000000000000e+03
1.311999999999965638e+00 1.169000000000000000e+03
1.312999999999965528e+00 1.166000000000000000e+03
1.313999999999965418e+00 1.164000000000000000e+03
1.314999999999965308e+00 1.161000000000000000e+03
1.315999999999965198e+00 1.159000000000000000e+03
1.316999999999965087e+00 1.157000000000000000e+03
1.317999999999964977e+00 1.154000000000000000e+03
1.318999999999964867e+00 1.152000000000000000e+03
1.319999999999964757e+00 1.150000000000000000e+03
1.320999999999964647e+00 1.147000000000000000e+03
1.321999999999964537e+00 1.145000000000000000e+03
1.322999999999964427e+00 1.142000000000000000e+03
1.323999999999964317e+00 1.140000000000000000e+03
1.324999999999964206e+00 1.138000000000000000e+03
1.325999999999964096e+00 1.135000000000000000e+03
1.326999999999963986e+00 1.133000000000000000e+03
1.327999999999963876e+00 1.131000000000000000e+03
1.328999999999963766e+00 1.128000000000000000e+03
1.329999999999963656e+00 1.126000000000000000e+03
1.330999999999963546e+00 1.124000000000000000e+03
1.331999999999963435e+00 1.121000000000000000e+03
1.332999999999963325e+00 1.119000000000000000e+03
1.333999999999963215e+00 1.117000000000000000e+03
1.334999999999963105e+00 1.114000000000000000e+03
1.335999999999962995e+00 1.112000000000000000e+03
1.336999999999962885e+00 1.110000000000000000e+03
1.337999999999962775e+00 1.107000000000000000e+03
1.338999999999962665e+00 1.105000000000000000e+03
1.339999999999962554e+00 1.103000000000000000e+03
1.340999999999962444e+00 1.101000000000000000e+03
1.341999999999962334e+00 1.098000000000000000e+03
1.342999999999962224e+00 1.096000000000000000e+03
1.343999999999962114e+00 1.094000000000000000e+03
1.344999999999962004e+00 1.091000000000000000e+03
1.345999999999961894e+00 1.089000000000000000e+03
1.346999999999961783e+00 1.087000000000000000e+03
1.347999999999961673e+00 1.084000000000000000e+03
1.348999999999961563e+00 1.082000000000000000e+03
1.349999999999961453e+00 1.080000000000000000e+03
1.350999999999961343e+00 1.078000000000000000e+03
1.351999999999961233e+00 1.075000000000000000e+03
1.352999999999961123e+00 1.073000000000000000e+03
1.353999999999961013e+00 1.071000000000000000e+03
1.354999999999960902e+00 1.069000000000000000e+03
1.355999999999960792e+00 1.066000000000000000e+03
1.356999999999960682e+00 1.064000000000000000e+03
1.357999999999960572e+00 1.062000000000000000e+03
1.358999999999960462e+00 1.060000000000000000e+03
1.359999999999960352e+00 1.057000000000000000e+03
1.360999999999960242e+00 1.055000000000000000e+03
1.361999999999960131e+00 1.053000000000000000e+03
1.362999999999960021e+00 1.051000000000000000e+03
1.363999999999959911e+00 1.048000000000000000e+03
1.364999999999959801e+00 1.046000000000000000e+03
1.365999999999959691e+00 1.044000000000000000e+03
1.366999999999959581e+00 1.042000000000000000e+03
1.367999999999959471e+00 1.040000000000000000e+03
1.368999999999959361e+00 1.037000000000000000e+03
1.369999999999959250e+00 1.035000000000000000e+03
1.370999999999959140e+00 1.033000000000000000e+03
1.371999999999959030e+00 1.031000000000000000e+03
1.372999999999958920e+00 1.029000000000000000e+03
1.373999999999958810e+00 1.026000000000000000e+03
1.374999999999958700e+00 1.024000000000000000e+03
1.375999999999958590e+00 1.022000000000000000e+03
1.376999999999958479e+00 1.020000000000000000e+03
1.377999999999958369e+00 1.018000000000000000e+03
1.378999999999958259e+00 1.015000000000000000e+03
1.379999999999958149e+00 1.013000000000000000e+03
1.380999999999958039e+00 1.011000000000000000e+03
1.381999999999957929e+00 1.009000000000000000e+03
1.382999999999957819e+00 1.007000000000000000e+03
1.383999999999957708e+00 1.005000000000000000e+03
1.384999999999957598e+00 1.002000000000000000e+03
1.385999999999957488e+00 1.000000000000000000e+03
1.386999999999957378e+00 9.980000000000000000e+02
1.387999999999957268e+00 9.960000000000000000e+02
1.388999999999957158e+00 9.940000000000000000e+02
1.389999999999957048e+00 9.920000000000000000e+02
1.390999999999956938e+00 9.890000000000000000e+02
1.391999999999956827e+00 9.870000000000000000e+02
1.392999999999956717e+00 9.850000000000000000e+02
1.393999999999956607e+00 9.830000000000000000e+02
1.394999999999956497e+00 9.810000000000000000e+02
1.395999999999956387e+00 9.790000000000000000e+02
1.396999999999956277e+00 9.770000000000000000e+02
1.397999999999956167e+00 9.750000000000000000e+02
1.398999999999956056e+00 9.720000000000000000e+02
1.399999999999955946e+00 9.700000000000000000e+02
1.400999999999955836e+00 9.680000000000000000e+02
1.401999999999955726e+00 9.660000000000000000e+02
1.402999999999955616e+00 9.640000000000000000e+02
1.403999999999955506e+00 9.620000000000000000e+02
1.404999999999955396e+00 9.600000000000000000e+02
1.405999999999955286e+00 9.580000000000000000e+02
1.406999999999955175e+00 9.560000000000000000e+02
1.407999999999955065e+00 9.530000000000000000e+02
1.408999999999954955e+00 9.510000000000000000e+02
1.409999999999954845e+00 9.490000000000000000e+02
1.410999999999954735e+00 9.470000000000000000e+02
1.411999999999954625e+00 9.450000000000000000e+02
1.412999999999954515e+00 9.430000000000000000e+02
1.413999999999954404e+00 9.410000000000000000e+02
1.414999999999954294e+00 9.390000000000000000e+02
1.415999999999954184e+00 9.370000000000000000e+02
1.416999999999954074e+00 9.350000000000000000e+02
1.417999999999953964e+00 9.330000000000000000e+02
1.418999999999953854e+00 9.310000000000000000e+02
1.419999999999953744e+00 9.280000000000000000e+02
1.420999999999953634e+00 9.260000000000000000e+02
1.421999999999953523e+00 9.240000000000000000e+02
1.422999999999953413e+00 9.220000000000000000e+02
1.423999999999953303e+00 9.200000000000000000e+02
1.424999999999953193e+00 9.180000000000000000e+02
1.425999999999953083e+00 9.160000000000000000e+02
1.426999999999952973e+00 9.140000000000000000e+02
1.427999999999952863e+00 9.120000000000000000e+02
1.428999999999952752e+00 9.100000000000000000e+02
1.429999999999952642e+00 9.080000000000000000e+02
1.430999999999952532e+00 9.060000000000000000e+02
1.431999999999952422e+00 9.040000000000000000e+02
1.432999999999952312e+00 9.020000000000000000e+02
1.433999999999952202e+00 9.000000000000000000e+02
1.434999999999952092e+00 8.980000000000000000e+02
1.435999999999951982e+00 8.960000000000000000e+02
1.436999999999951871e+00 8.940000000000000000e+02
1.437999999999951761e+00 8.920000000000000000e+02
1.438999999999951651e+00 8.900000000000000000e+02
1.439999999999951541e+00 8.880000000000000000e+02
1.440999999999951431e+00 8.860000000000000000e+02
1.441999999999951321e+00 8.840000000000000000e+02
1.442999999999951211e+00 8.820000000000000000e+02
1.443999999999951100e+00 8.800000000000000000e+02
1.444999999999950990e+00 8.780000000000000000e+02
1.445999999999950880e+00 8.760000000000000000e+02
1.446999999999950770e+00 8.740000000000000000e+02
1.447999999999950660e+00 8.720000000000000000e+02
1.448999999999950550e+00 8.700000000000000000e+02
1.449999999999950440e+00 8.680000000000000000e+02
1.450999999999950330e+00 8.660000000000000000e+02
1.451999999999950219e+00 8.640000000000000000e+02
1.452999999999950109e+00 8.620000000000000000e+02
1.453999999999949999e+00 8.600000000000000000e+02
1.454999999999949889e+00 8.580000000000000000e+02
1.455999999999949779e+00 8.560000000000000000e+02
1.456999999999949669e+00 8.540000000000000000e+02
1.457999999999949559e+00 8.520000000000000000e+02
1.458999999999949448e+00 8.500000000000000000e+02
1.459999999999949338e+00 8.480000000000000000e+02
1.460999999999949228e+00 8.460000000000000000e+02
1.461999999999949118e+00 8.440000000000000000e+02
1.462999999999949008e+00 8.420000000000000000e+02
1.463999999999948898e+00 8.400000000000000000e+02
1.464999999999948788e+00 8.380000000000000000e+02
1.465999999999948677e+00 8.360000000000000000e+02
1.466999999999948567e+00 8.340000000000000000e+02
1.467999999999948457e+00 8.320000000000000000e+02
1.468999999999948347e+00 8.300000000000000000e+02
1.469999999999948237e+00 8.290000000000000000e+02
1.470999999999948127e+00 8.270000000000000000e+02
1.471999999999948017e+00 8.250000000000000000e+02
1.472999999999947907e+00 8.230000000000000000e+02
1.473999999999947796e+00 8.210000000000000000e+02
1.474999999999947686e+00 8.190000000000000000e+02
1.475999999999947576e+00 8.170000000000000000e+02
1.476999999999947466e+00 8.150000000000000000e+02
1.477999999999947356e+00 8.130000000000000000e+02
1.478999999999947246e+00 8.110000000000000000e+02
1.479999999999947136e+00 8.090000000000000000e+02
1.480999999999947025e+00 8.070000000000000000e+02
1.481999999999946915e+00 8.060000000000000000e+02
1.482999999999946805e+00 8.040000000000000000e+02
1.483999999999946695e+00 8.020000000000000000e+02
1.484999999999946585e+00 8.000000000000000000e+02
1.485999999999946475e+00 7.980000000000000000e+02
1.486999999999946365e+00 7.960000000000000000e+02
1.487999999999946255e+00 7.940000000000000000e+02
1.488999999999946144e+00 7.920000000000000000e+02
1.489999999999946034e+00 7.900000000000000000e+02
1.490999999999945924e+00 7.880000000000000000e+02
1.491999999999945814e+00 7.870000000000000000e+02
1.492999999999945704e+00 7.850000000000000000e+02
1.493999999999945594e+00 7.830000000000000000e+02
1.494999999999945484e+00 7.810000000000000000e+02
1.495999999999945373e+00 7.790000000000000000e+02
1.496999999999945263e+00 7.770000000000000000e+02
1.497999999999945153e+00 7.750000000000000000e+02
1.498999999999945043e+00 7.730000000000000000e+02
1.499999999999944933e+00 7.720000000000000000e+02
1.500999999999944823e+00 7.700000000000000000e+02
1.501999999999944713e+00 7.680000000000000000e+02
1.502999999999944603e+00 7.660000000000000000e+02
1.503999999999944492e+00 7.640000000000000000e+02
1.504999999999944382e+00 7.620000000000000000e+02
1.505999999999944272e+00 7.600000000000000000e+02
1.506999999999944162e+00 7.590000000000000000e+02
1.507999999999944052e+00 7.570000000000000000e+02
1.508999999999943942e+00 7.550000000000000000e+02
1.509999999999943832e+00 7.530000000000000000e+02
1.510999999999943721e+00 7.510000000000000000e+02
1.511999999999943611e+00 7.490000000000000000e+02
1.512999999999943501e+00 7.470000000000000000e+02
1.513999999999943391e+00 7.460000000000000000e+02
1.514999999999943281e+00 7.440000000000000000e+02
1.515999999999943171e+00 7.420000000000000000e+02
1.516999999999943061e+00 7.400000000000000000e+02
1.517999999999942951e+00 7.380000000000000000e+02
1.518999999999942840e+00 7.360000000000000000e+02
1.519999999999942730e+00 7.350000000000000000e+02
1.520999999999942620e+00 7.330000000000000000e+02
1.521999999999942510e+00 7.310000000000000000e+02
1.522999999999942400e+00 7.290000000000000000e+02
1.523999999999942290e+00 7.270000000000000000e+02
1.524999999999942180e+00 7.260000000000000000e+02
1.525999999999942069e+00 7.240000000000000000e+02
1.526999999999941959e+00 7.220000000000000000e+02
1.527999999999941849e+00 7.200000000000000000e+02
1.528999999999941739e+00 7.180000000000000000e+02
1.529999999999941629e+00 7.170000000000000000e+02
1.530999999999941519e+00 7.150000000000000000e+02
1.531999999999941409e+00 7.130000000000000000e+02
1.532999999999941299e+00 7.110000000000000000e+02
1.533999999999941188e+00 7.090000000000000000e+02
1.534999999999941078e+00 7.080000000000000000e+02
1.535999999999940968e+00 7.060000000000000000e+02
1.536999999999940858e+00 7.040000000000000000e+02
1.537999999999940748e+00 7.020000000000000000e+02
1.538999999999940638e+00 7.000000000000000000e+02
1.539999999999940528e+00 6.990000000000000000e+02
1.540999999999940417e+00 6.970000000000000000e+02
1.541999999999940307e+00 6.950000000000000000e+02
1.542999999999940197e+00 6.930000000000000000e+02
1.543999999999940087e+00 6.910000000000000000e+02
1.544999999999939977e+00 6.900000000000000000e+02
1.545999999999939867e+00 6.880000000000000000e+02
1.546999999999939757e+00 6.860000000000000000e+02
1.547999999999939647e+00 6.840000000000000000e+02
1.548999999999939536e+00 6.830000000000000000e+02
1.549999999999939426e+00 6.810000000000000000e+02
1.550999999999939316e+00 6.790000000000000000e+02
1.551999999999939206e+00 6.770000000000000000e+02
1.552999999999939096e+00 6.760000000000000000e+02
1.553999999999938986e+00 6.740000000000000000e+02
1.554999999999938876e+00 6.720000000000000000e+02
1.555999999999938765e+00 6.700000000000000000e+02
1.556999999999938655e+00 6.690000000000000000e+02
1.557999999999938545e+00 6.670000000000000000e+02
1.558999999999938435e+00 6.650000000000000000e+02
1.559999999999938325e+00 6.630000000000000000e+02
1.560999999999938215e+00 6.620000000000000000e+02
1.561999999999938105e+00 6.600000000000000000e+02
1.562999999999937994e+00 6.580000000000000000e+02
1.563999999999937884e+00 6.560000000000000000e+02
1.564999999999937774e+00 6.550000000000000000e+02
1.565999999999937664e+00 6.530000000000000000e+02
1.566999999999937554e+00 6.510000000000000000e+02
1.567999999999937444e+00 6.490000000000000000e+02
1.568999999999937334e+00 6.480000000000000000e+02
1.569999999999937224e+00 6.460000000000000000e+02
1.570999999999937113e+00 6.440000000000000000e+02
1.571999999999937003e+00 6.430000000000000000e+02
1.572999999999936893e+00 6.410000000000000000e+02
1.573999999999936783e+00 6.390000000000000000e+02
1.574999999999936673e+00 6.370000000000000000e+02
1.575999999999936563e+00 6.360000000000000000e+02
1.576999999999936453e+00 6.340000000000000000e+02
1.577999999999936342e+00 6.320000000000000000e+02
1.578999999999936232e+00 6.310000000000000000e+02
1.579999999999936122e+00 6.290000000000000000e+02
1.580999999999936012e+00 6.270000000000000000e+02
1.581999999999935902e+00 6.250000000000000000e+02
1.582999999999935792e+00 6.240000000000000000e+02
1.583999999999935682e+00 6.220000000000000000e+02
1.584999999999935572e+00 6.200000000000000000e+02
1.585999999999935461e+00 6.190000000000000000e+02
1.586999999999935351e+00 6.170000000000000000e+02
1.587999999999935241e+00 6.150000000000000000e+02
1.588999999999935131e+00 6.140000000000000000e+02
1.589999999999935021e+00 6.120000000000000000e+02
1.590999999999934911e+00 6.100000000000000000e+02
1.591999999999934801e+00 6.090000000000000000e+02
1.592999999999934690e+00 6.070000000000000000e+02
1.593999999999934580e+00 6.050000000000000000e+02
1.594999999999934470e+00 6.030000000000000000e+02
1.595999999999934360e+00 6.020000000000000000e+02
1.596999999999934250e+00 6.000000000000000000e+02
1.597999999999934140e+00 5.980000000000000000e+02
1.598999999999934030e+00 5.970000000000000000e+02
1.599999999999933920e+00 5.950000000000000000e+02
1.600999999999933809e+00 5.930000000000000000e+02
1.601999999999933699e+00 5.920000000000000000e+02
1.602999999999933589e+00 5.900000000000000000e+02
1.603999999999933479e+00 5.880000000000000000e+02
1.604999999999933369e+00 5.870000000000000000e+02
1.605999999999933259e+00 5.850000000000000000e+02
1.606999999999933149e+00 5.830000000000000000e+02
1.607999999999933038e+00 5.820000000000000000e+02
1.608999999999932928e+00 5.800000000000000000e+02
1.609999999999932818e+00 5.780000000000000000e+02
1.610999999999932708e+00 5.770000000000000000e+02
1.611999999999932598e+00 5.750000000000000000e+02
1.612999999999932488e+00 5.740000000000000000e+02
1.613999999999932378e+00 5.720000000000000000e+02
1.614999999999932268e+00 5.700000000000000000e+02
1.615999999999932157e+00 5.690000000000000000e+02
1.616999999999932047e+00 5.670000000000000000e+02
1.617999999999931937e+00 5.650000000000000000e+02
1.618999999999931827e+00 5.640000000000000000e+02
1.619999999999931717e+00 5.620000000000000000e+02
1.620999999999931607e+00 5.600000000000000000e+02
1.621999999999931497e+00 5.590000000000000000e+02
1.622999999999931386e+00 5.570000000000000000e+02
1.623999999999931276e+00 5.550000000000000000e+02
1.624999999999931166e+00 5.540000000000000000e+02
1.625999999999931056e+00 5.520000000000000000e+02
1.626999999999930946e+00 5.510000000000000000e+02
1.627999999999930836e+00 5.490000000000000000e+02
1.628999999999930726e+00 5.470000000000000000e+02
1.629999999999930616e+00 5.460000000000000000e+02
1.630999999999930505e+00 5.440000000000000000e+02
1.631999999999930395e+00 5.420000000000000000e+02
1.632999999999930285e+00 5.410000000000000000e+02
1.633999999999930175e+00 5.390000000000000000e+02
1.634999999999930065e+00 5.380000000000000000e+02
1.635999999999929955e+00 5.360000000000000000e+02
1.636999999999929845e+00 5.340000000000000000e+02
1.637999999999929734e+00 5.330000000000000000e+02
1.638999999999929624e+00 5.310000000000000000e+02
1.639999999999929514e+00 5.300000000000000000e+02
1.640999999999929404e+00 5.280000000000000000e+02
1.641999999999929294e+00 5.260000000000000000e+02
1.642999999999929184e+00 5.250000000000000000e+02
1.643999999999929074e+00 5.230000000000000000e+02
1.644999999999928963e+00 5.220000000000000000e+02
1.645999999999928853e+00 5.200000000000000000e+02
1.646999999999928743e+00 5.180000000000000000e+02
1.647999999999928633e+00 5.170000000000000000e+02
1.648999999999928523e+00 5.150000000000000000e+02
1.649999999999928413e+00 5.140000000000000000e+02
1.650999999999928303e+00 5.120000000000000000e+02
1.651999999999928193e+00 5.100000000000000000e+02
1.652999999999928082e+00 5.090000000000000000e+02
1.653999999999927972e+00 5.070000000000000000e+02
1.654999999999927862e+00 5.060000000000000000e+02
1.655999999999927752e+00 5.040000000000000000e+02
1.656999999999927642e+00 5.020000000000000000e+02
1.657999999999927532e+00 5.010000000000000000e+02
1.658999999999927422e+00 4.990000000000000000e+02
1.659999999999927311e+00 4.980000000000000000e+02
1.660999999999927201e+00 4.960000000000000000e+02
1.661999999999927091e+00 4.950000000000000000e+02
1.662999999999926981e+00 4.930000000000000000e+02
1.663999999999926871e+00 4.910000000000000000e+02
1.664999999999926761e+00 4.900000000000000000e+02
1.665999999999926651e+00 4.880000000000000000e+02
1.666999999999926541e+00 4.870000000000000000e+02
1.667999999999926430e+00 4.850000000000000000e+02
1.668999999999926320e+00 4.840000000000000000e+02
1.669999999999926210e+00 4.820000000000000000e+02
1.670999999999926100e+00 4.800000000000000000e+02
1.671999999999925990e+00 4.790000000000000000e+02
1.672999999999925880e+00 4.770000000000000000e+02
1.673999999999925770e+00 4.760000000000000000e+02
1.674999999999925659e+00 4.740000000000000000e+02
1.675999999999925549e+00 4.730000000000000000e+02
1.676999999999925439e+00 4.710000000000000000e+02
1.677999999999925329e+00 4.700000000000000000e+02
1.678999999999925219e+00 4.680000000000000000e+02
1.679999999999925109e+00 4.660000000000000000e+02
1.680999999999924999e+00 4.650000000000000000e+02
1.681999999999924889e+00 4.630000000000000000e+02
1.682999999999924778e+00 4.620000000000000000e+02
1.683999999999924668e+00 4.600000000000000000e+02
1.684999999999924558e+00 4.590000000000000000e+02
1.685999999999924448e+00 4.570000000000000000e+02
1.686999999999924338e+00 4.560000000000000000e+02
1.687999999999924228e+00 4.540000000000000000e+02
1.688999999999924118e+00 4.520000000000000000e+02
1.689999999999924007e+00 4.510000000000000000e+02
1.690999999999923897e+00 4.490000000000000000e+02
1.691999999999923787e+00 4.480000000000000000e+02
1.692999999999923677e+00 4.460000000000000000e+02
1.693999999999923567e+00 4.450000000000000000e+02
1.694999999999923457e+00 4.430000000000000000e+02
1.695999999999923347e+00 4.420000000000000000e+02
1.696999999999923237e+00 4.400000000000000000e+02
1.697999999999923126e+00 4.390000000000000000e+02
1.698999999999923016e+00 4.370000000000000000e+02
1.699999999999922906e+00 4.360000000000000000e+02
1.700999999999922796e+00 4.340000000000000000e+02
1.701999999999922686e+00 4.330000000000000000e+02
1.702999999999922576e+00 4.310000000000000000e+02
1.703999999999922466e+00 4.290000000000000000e+02
1.704999999999922355e+00 4.280000000000000000e+02
1.705999999999922245e+00 4.260000000000000000e+02
1.706999999999922135e+00 4.250000000000000000e+02
1.707999999999922025e+00 4.230000000000000000e+02
1.708999999999921915e+00 4.220000000000000000e+02
1.709999999999921805e+00 4.200000000000000000e+02
1.710999999999921695e+00 4.190000000000000000e+02
1.711999999999921585e+00 4.170000000000000000e+02
1.712999999999921474e+00 4.160000000000000000e+02
1.713999999999921364e+00 4.140000000000000000e+02
1.714999999999921254e+00 4.130000000000000000e+02
1.715999999999921144e+00 4.110000000000000000e+02
1.716999999999921034e+00 4.100000000000000000e+02
1.717999999999920924e+00 4.080000000000000000e+02
1.718999999999920814e+00 4.070000000000000000e+02
1.719999999999920703e+00 4.050000000000000000e+02
1.720999999999920593e+00 4.040000000000000000e+02
1.721999999999920483e+00 4.020000000000000000e+02
1.722999999999920373e+00 4.010000000000000000e+02
1.723999999999920263e+00 3.990000000000000000e+02
1.724999999999920153e+00 3.980000000000000000e+02
1.725999999999920043e+00 3.960000000000000000e+02
1.726999999999919932e+00 3.950000000000000000e+02
1.727999999999919822e+00 3.930000000000000000e+02
1.728999999999919712e+00 3.920000000000000000e+02
1.729999999999919602e+00 3.900000000000000000e+02
1.730999999999919492e+00 3.890000000000000000e+02
1.731999999999919382e+00 3.870000000000000000e+02
1.732999999999919272e+00 3.860000000000000000e+02
1.733999999999919162e+00 3.840000000000000000e+02
1.734999999999919051e+00 3.830000000000000000e+02
1.735999999999918941e+00 3.810000000000000000e+02
1.736999999999918831e+00 3.800000000000000000e+02
1.737999999999918721e+00 3.780000000000000000e+02
1.738999999999918611e+00 3.770000000000000000e+02
1.739999999999918501e+00 3.750000000000000000e+02
1.740999999999918391e+00 3.740000000000000000e+02
1.741999999999918280e+00 3.720000000000000000e+02
1.742999999999918170e+00 3.710000000000000000e+02
1.743999999999918060e+00 3.690000000000000000e+02
1.744999999999917950e+00 3.680000000000000000e+02
1.745999999999917840e+00 3.660000000000000000e+02
1.746999999999917730e+00 3.650000000000000000e+02
1.747999999999917620e+00 3.630000000000000000e+02
1.748999999999917510e+00 3.620000000000000000e+02
1.749999999999917399e+00 3.600000000000000000e+02
1.750999999999917289e+00 3.590000000000000000e+02
1.751999999999917179e+00 3.570000000000000000e+02
1.752999999999917069e+00 3.560000000000000000e+02
1.753999999999916959e+00 3.540000000000000000e+02
1.754999999999916849e+00 3.530000000000000000e+02
1.755999999999916739e+00 3.510000000000000000e+02
1.756999999999916628e+00 3.500000000000000000e+02
1.757999999999916518e+00 3.480000000000000000e+02
1.758999999999916408e+00 3.470000000000000000e+02
1.759999999999916298e+00 3.450000000000000000e+02
1.760999999999916188e+00 3.440000000000000000e+02
1.761999999999916078e+00 3.420000000000000000e+02
1.762999999999915968e+00 3.410000000000000000e+02
1.763999999999915858e+00 3.390000000000000000e+02
1.764999999999915747e+00 3.380000000000000000e+02
1.765999999999915637e+00 3.360000000000000000e+02
1.766999999999915527e+00 3.350000000000000000e+02
1.767999999999915417e+00 3.330000000000000000e+02
1.768999999999915307e+00 3.320000000000000000e+02
1.769999999999915197e+00 3.310000000000000000e+02
1.770999999999915087e+00 3.290000000000000000e+02
1.771999999999914976e+00 3.280000000000000000e+02
1.772999999999914866e+00 3.260000000000000000e+02
1.773999999999914756e+00 3.250000000000000000e+02
1.774999999999914646e+00 3.230000000000000000e+02
1.775999999999914536e+00 3.220000000000000000e+02
1.776999999999914426e+00 3.200000000000000000e+02
1.777999999999914316e+00 3.190000000000000000e+02
1.778999999999914206e+00 3.170000000000000000e+02
1.779999999999914095e+00 3.160000000000000000e+02
1.780999999999913985e+00 3.140000000000000000e+02
1.781999999999913875e+00 3.130000000000000000e+02
1.782999999999913765e+00 3.110000000000000000e+02
1.783999999999913655e+00 3.100000000000000000e+02
1.784999999999913545e+00 3.080000000000000000e+02
1.785999999999913435e+00 3.070000000000000000e+02
1.786999999999913324e+00 3.050000000000000000e+02
1.787999999999913214e+00 3.040000000000000000e+02
1.788999999999913104e+00 3.020000000000000000e+02
1.789999999999912994e+00 3.010000000000000000e+02
1.790999999999912884e+00 2.990000000000000000e+02
1.791999999999912774e+00 2.980000000000000000e+02
1.792999999999912664e+00 2.960000000000000000e+02
1.793999999999912554e+00 2.950000000000000000e+02
1.794999999999912443e+00 2.940000000000000000e+02
1.795999999999912333e+00 2.920000000000000000e+02
1.796999999999912223e+00 2.910000000000000000e+02
1.797999999999912113e+00 2.890000000000000000e+02
1.798999999999912003e+00 2.880000000000000000e+02
1.799999999999911893e+00 2.860000000000000000e+02
1.800999999999911783e+00 2.850000000000000000e+02
1.801999999999911672e+00 2.830000000000000000e+02
1.802999999999911562e+00 2.820000000000000000e+02
1.803999999999911452e+00 2.800000000000000000e+02
1.804999999999911342e+00 2.790000000000000000e+02
1.805999999999911232e+00 2.770000000000000000e+02
1.806999999999911122e+00 2.760000000000000000e+02
1.807999999999911012e+00 2.740000000000000000e+02
1.808999999999910901e+00 2.730000000000000000e+02
1.809999999999910791e+00 2.710000000000000000e+02
1.810999999999910681e+00 2.700000000000000000e+02
1.811999999999910571e+00 2.680000000000000000e+02
1.812999999999910461e+00 2.670000000000000000e+02
1.813999999999910351e+00 2.650000000000000000e+02
1.814999999999910241e+00 2.640000000000000000e+02
1.815999999999910131e+00 2.620000000000000000e+02
1.816999999999910020e+00 2.610000000000000000e+02
1.817999999999909910e+00 2.590000000000000000e+02
1.818999999999909800e+00 2.580000000000000000e+02
1.819999999999909690e+00 2.560000000000000000e+02
1.820999999999909580e+00 2.550000000000000000e+02
1.821999999999909470e+00 2.530000000000000000e+02
1.822999999999909360e+00 2.520000000000000000e+02
1.823999999999909249e+00 2.500000000000000000e+02
1.824999999999909139e+00 2.490000000000000000e+02
1.825999999999909029e+00 2.470000000000000000e+02
1.826999999999908919e+00 2.460000000000000000e+02
1.827999999999908809e+00 2.440000000000000000e+02
1.828999999999908699e+00 2.430000000000000000e+02
1.829999999999908589e+00 2.410000000000000000e+02
1.830999999999908479e+00 2.400000000000000000e+02
1.831999999999908368e+00 2.380000000000000000e+02
1.832999999999908258e+00 2.370000000000000000e+02
1.833999999999908148e+00 2.350000000000000000e+02
1.834999999999908038e+00 2.340000000000000000e+02
1.835999999999907928e+00 2.320000000000000000e+02
1.836999999999907818e+00 2.310000000000000000e+02
1.837999999999907708e+00 2.290000000000000000e+02
1.838999999999907597e+00 2.270000000000000000e+02
1.839999999999907487e+00 2.260000000000000000e+02
1.840999999999907377e+00 2.240000000000000000e+02
1.841999999999907267e+00 2.230000000000000000e+02
1.842999999999907157e+00 2.210000000000000000e+02
1.843999999999907047e+00 2.200000000000000000e+02
1.844999999999906937e+00 2.180000000000000000e+02
1.845999999999906827e+00 2.170000000000000000e+02
1.846999999999906716e+00 2.150000000000000000e+02
1.847999999999906606e+00 2.130000000000000000e+02
1.848999999999906496e+00 2.120000000000000000e+02
1.849999999999906386e+00 2.100000000000000000e+02
1.850999999999906276e+00 2.090000000000000000e+02
1.851999999999906166e+00 2.070000000000000000e+02
1.852999999999906056e+00 2.060000000000000000e+02
1.853999999999905945e+00 2.040000000000000000e+02
1.854999999999905835e+00 2.020000000000000000e+02
1.855999999999905725e+00 2.010000000000000000e+02
1.856999999999905615e+00 1.990000000000000000e+02
1.857999999999905505e+00 1.970000000000000000e+02
1.858999999999905395e+00 1.960000000000000000e+02
1.859999999999905285e+00 1.940000000000000000e+02
1.860999999999905175e+00 1.930000000000000000e+02
1.861999999999905064e+00 1.910000000000000000e+02
1.862999999999904954e+00 1.890000000000000000e+02
1.863999999999904844e+00 1.880000000000000000e+02
1.864999999999904734e+00 1.860000000000000000e+02
1.865999999999904624e+00 1.840000000000000000e+02
1.866999999999904514e+00 1.830000000000000000e+02
1.867999999999904404e+00 1.810000000000000000e+02
1.868999999999904293e+00 1.790000000000000000e+02
1.869999999999904183e+00 1.770000000000000000e+02
1.870999999999904073e+00 1.760000000000000000e+02
1.871999999999903963e+00 1.740000000000000000e+02
1.872999999999903853e+00 1.720000000000000000e+02
1.873999999999903743e+00 1.700000000000000000e+02
1.874999999999903633e+00 1.680000000000000000e+02
1.875999999999903523e+00 1.670000000000000000e+02
1.876999999999903412e+00 1.650000000000000000e+02
1.877999999999903302e+00 1.630000000000000000e+02
1.878999999999903192e+00 1.610000000000000000e+02
1.879999999999903082e+00 1.590000000000000000e+02
1.880999999999902972e+00 1.570000000000000000e+02
1.881999999999902862e+00 1.550000000000000000e+02
1.882999999999902752e+00 1.530000000000000000e+02
1.883999999999902641e+00 1.510000000000000000e+02
1.884999999999902531e+00 1.490000000000000000e+02
1.885999999999902421e+00 1.470000000000000000e+02
1.886999999999902311e+00 1.450000000000000000e+02
1.887999999999902201e+00 1.420000000000000000e+02
1.888999999999902091e+00 1.400000000000000000e+02
1.889999999999901981e+00 1.380000000000000000e+02
1.890999999999901870e+00 1.350000000000000000e+02
1.891999999999901760e+00 1.320000000000000000e+02
1.892999999999901650e+00 1.300000000000000000e+02
1.893999999999901540e+00 1.270000000000000000e+02
1.894999999999901430e+00 1.240000000000000000e+02
1.895999999999901320e+00 1.220000000000000000e+02
1.896999999999901210e+00 1.170000000000000000e+02
1.897999999999901100e+00 1.050000000000000000e+02
1.898999999999900989e+00 1.060000000000000000e+02
1.899999999999900879e+00 1.070000000000000000e+02
1.900999999999900769e+00 1.080000000000000000e+02
1.901999999999900659e+00 1.110000000000000000e+02
1.902999999999900549e+00 1.110000000000000000e+02
1.903999999999900439e+00 1.180000000000000000e+02
1.904999999999900329e+00 1.180000000000000000e+02
1.905999999999900218e+00 1.180000000000000000e+02
1.906999999999900108e+00 1.180000000000000000e+02
1.907999999999899998e+00 1.180000000000000000e+02
1.908999999999899888e+00 1.180000000000000000e+02
1.909999999999899778e+00 1.180000000000000000e+02
1.910999999999899668e+00 1.180000000000000000e+02
1.911999999999899558e+00 1.180000000000000000e+02
1.912999999999899448e+00 1.250000000000000000e+02
1.913999999999899337e+00 1.260000000000000000e+02
1.914999999999899227e+00 1.260000000000000000e+02
1.915999999999899117e+00 1.260000000000000000e+02
1.916999999999899007e+00 1.260000000000000000e+02
1.917999999999898897e+00 1.260000000000000000e+02
1.918999999999898787e+00 1.260000000000000000e+02
1.919999999999898677e+00 1.270000000000000000e+02
1.920999999999898566e+00 1.270000000000000000e+02
1.921999999999898456e+00 1.320000000000000000e+02
1.922999999999898346e+00 1.320000000000000000e+02
1.923999999999898236e+00 1.320000000000000000e+02
1.924999999999898126e+00 1.320000000000000000e+02
1.925999999999898016e+00 1.410000000000000000e+02
1.926999999999897906e+00 1.410000000000000000e+02
1.927999999999897796e+00 1.470000000000000000e+02
1.928999999999897685e+00 1.480000000000000000e+02
1.929999999999897575e+00 1.540000000000000000e+02
1.930999999999897465e+00 1.540000000000000000e+02
1.931999999999897355e+00 1.540000000000000000e+02
1.932999999999897245e+00 1.540000000000000000e+02
1.933999999999897135e+00 1.540000000000000000e+02
1.934999999999897025e+00 1.540000000000000000e+02
1.935999999999896914e+00 1.540000000000000000e+02
1.936999999999896804e+00 1.540000000000000000e+02
1.937999999999896694e+00 1.640000000000000000e+02
1.938999999999896584e+00 1.710000000000000000e+02
1.939999999999896474e+00 1.750000000000000000e+02
1.940999999999896364e+00 1.760000000000000000e+02
1.941999999999896254e+00 1.760000000000000000e+02
1.942999999999896144e+00 1.790000000000000000e+02
1.943999999999896033e+00 1.800000000000000000e+02
1.944999999999895923e+00 1.800000000000000000e+02
1.945999999999895813e+00 1.800000000000000000e+02
1.946999999999895703e+00 1.800000000000000000e+02
1.947999999999895593e+00 1.920000000000000000e+02
1.948999999999895483e+00 1.920000000000000000e+02
1.949999999999895373e+00 1.930000000000000000e+02
1.950999999999895262e+00 1.930000000000000000e+02
1.951999999999895152e+00 1.930000000000000000e+02
1.952999999999895042e+00 2.120000000000000000e+02
1.953999999999894932e+00 2.120000000000000000e+02
1.954999999999894822e+00 2.210000000000000000e+02
1.955999999999894712e+00 2.230000000000000000e+02
1.956999999999894602e+00 2.240000000000000000e+02
1.957999999999894492e+00 2.430000000000000000e+02
1.958999999999894381e+00 2.430000000000000000e+02
1.959999999999894271e+00 2.570000000000000000e+02
1.960999999999894161e+00 2.590000000000000000e+02
1.961999999999894051e+00 2.620000000000000000e+02
1.962999999999893941e+00 2.650000000000000000e+02
1.963999999999893831e+00 2.680000000000000000e+02
1.964999999999893721e+00 2.800000000000000000e+02
1.965999999999893610e+00 2.800000000000000000e+02
1.966999999999893500e+00 2.940000000000000000e+02
1.967999999999893390e+00 2.990000000000000000e+02
1.968999999999893280e+00 3.120000000000000000e+02
1.969999999999893170e+00 3.170000000000000000e+02
1.970999999999893060e+00 3.260000000000000000e+02
1.971999999999892950e+00 3.380000000000000000e+02
1.972999999999892839e+00 3.530000000000000000e+02
1.973999999999892729e+00 3.830000000000000000e+02
1.974999999999892619e+00 3.830000000000000000e+02
1.975999999999892509e+00 3.960000000000000000e+02
1.976999999999892399e+00 4.060000000000000000e+02
1.977999999999892289e+00 4.240000000000000000e+02
1.978999999999892179e+00 4.610000000000000000e+02
1.979999999999892069e+00 4.760000000000000000e+02
1.980999999999891958e+00 5.010000000000000000e+02
1.981999999999891848e+00 5.040000000000000000e+02
1.982999999999891738e+00 5.500000000000000000e+02
1.983999999999891628e+00 5.800000000000000000e+02
1.984999999999891518e+00 6.300000000000000000e+02
1.985999999999891408e+00 6.670000000000000000e+02
1.986999999999891298e+00 6.670000000000000000e+02
1.987999999999891187e+00 7.960000000000000000e+02
1.988999999999891077e+00 8.270000000000000000e+02
1.989999999999890967e+00 9.160000000000000000e+02
1.990999999999890857e+00 1.024000000000000000e+03
1.991999999999890747e+00 1.121000000000000000e+03
1.992999999999890637e+00 1.241000000000000000e+03
1.993999999999890527e+00 1.492000000000000000e+03
1.994999999999890417e+00 1.893000000000000000e+03
1.995999999999890306e+00 2.315000000000000000e+03
1.996999999999890196e+00 2.899000000000000000e+03
1.997999999999890086e+00 4.430000000000000000e+03
1.998999999999889976e+00 8.819000000000000000e+03
